Intro_to_mapping/alt1_test.asc
NCOLS 674 
NROWS 880 
XLLCORNER 30000 
YLLCORNER 20000 
CELLSIZE 500 
NODATA_value -9999 
[rows 92 to 137 of 880, columns 576 to 671 of 674]
291 331 350 355 366 351 332 323 297 265 260 272 247 218 221 217 202 170 170 163 197 203 155 68 45 136 200 224 219 210 156 71 0 0 -9999 -9999 -9999 -9999 -9999 -9999 -9999 -9999 -9999 -9999 -9999 -9999 -9999 -9999 -9999 -9999 -9999 -9999 -9999 -9999 -9999 -9999 -9999 -9999 -9999 -9999 -9999 -9999 -9999 -9999 -9999 -9999 -9999 -9999 -9999 -9999 -9999 -9999 -9999 -9999 -9999 -9999 -9999 -9999 -9999 -9999 -9999 -9999 -9999 -9999 -9999 -9999 -9999 -9999 -9999 -9999 -9999 -9999 -9999 -9999 -9999 -9999
290 327 331 337 334 319 311 315 281 249 247 236 222 209 215 210 197 193 182 179 205 204 135 56 67 143 229 257 255 222 137 71 0 0 -9999 -9999 -9999 -9999 -9999 -9999 -9999 -9999 -9999 -9999 -9999 -9999 -9999 -9999 -9999 -9999 -9999 -9999 -9999 -9999 -9999 -9999 -9999 -9999 -9999 -9999 -9999 -9999 -9999 -9999 -9999 -9999 -9999 -9999 -9999 -9999 -9999 -9999 -9999 -9999 -9999 -9999 -9999 -9999 -9999 -9999 -9999 -9999 -9999 -9999 -9999 -9999 -9999 -9999 -9999 -9999 -9999 -9999 -9999 -9999 -9999 -9999
289 319 322 319 302 287 291 299 265 233 234 218 198 201 209 204 193 189 195 195 211 200 130 63 106 202 244 265 273 249 162 82 55 55 -9999 -9999 -9999 -9999 -9999 -9999 -9999 -9999 -9999 -9999 -9999 -9999 -9999 -9999 -9999 -9999 -9999 -9999 -9999 -9999 -9999 -9999 -9999 -9999 -9999 -9999 -9999 -9999 -9999 -9999 -9999 -9999 -9999 -9999 -9999 -9999 -9999 -9999 -9999 -9999 -9999 -9999 -9999 -9999 -9999 -9999 -9999 -9999 -9999 -9999 -9999 -9999 -9999 -9999 -9999 -9999 -9999 -9999 -9999 -9999 -9999 -9999
270 286 287 284 269 270 277 248 228 210 208 203 192 196 198 197 192 188 193 200 203 193 146 83 123 225 260 273 292 277 187 88 55 55 -9999 -9999 -9999 -9999 -9999 -9999 -9999 -9999 -9999 -9999 -9999 -9999 -9999 -9999 -9999 -9999 -9999 -9999 -9999 -9999 -9999 -9999 -9999 -9999 -9999 -9999 -9999 -9999 -9999 -9999 -9999 -9999 -9999 -9999 -9999 -9999 -9999 -9999 -9999 -9999 -9999 -9999 -9999 -9999 -9999 -9999 -9999 -9999 -9999 -9999 -9999 -9999 -9999 -9999 -9999 -9999 -9999 -9999 -9999 -9999 -9999 -9999
252 252 252 249 237 253 263 223 191 186 183 175 187 192 188 192 193 196 204 210 209 192 156 97 115 202 247 268 300 314 244 139 146 82 48 0 -9999 -9999 -9999 -9999 -9999 -9999 -9999 -9999 -9999 -9999 -9999 -9999 -9999 -9999 -9999 -9999 -9999 -9999 -9999 -9999 -9999 -9999 -9999 -9999 -9999 -9999 -9999 -9999 -9999 -9999 -9999 -9999 -9999 -9999 -9999 -9999 -9999 -9999 -9999 -9999 -9999 -9999 -9999 -9999 -9999 -9999 -9999 -9999 -9999 -9999 -9999 -9999 -9999 -9999 -9999 -9999 -9999 -9999 -9999 -9999
230 234 233 224 208 225 213 191 168 162 164 160 177 188 193 198 202 205 217 215 207 192 167 111 107 180 234 264 309 352 301 240 191 95 48 0 -9999 -9999 -9999 -9999 -9999 -9999 -9999 -9999 -9999 -9999 -9999 -9999 -9999 -9999 -9999 -9999 -9999 -9999 -9999 -9999 -9999 -9999 -9999 -9999 -9999 -9999 -9999 -9999 -9999 -9999 -9999 -9999 -9999 -9999 -9999 -9999 -9999 -9999 -9999 -9999 -9999 -9999 -9999 -9999 -9999 -9999 -9999 -9999 -9999 -9999 -9999 -9999 -9999 -9999 -9999 -9999 -9999 -9999 -9999 -9999
209 215 214 198 179 168 164 159 145 137 150 163 181 198 208 217 213 214 223 219 203 185 161 115 120 185 227 256 306 349 319 286 204 110 62 0 -9999 -9999 -9999 -9999 -9999 -9999 -9999 -9999 -9999 -9999 -9999 -9999 -9999 -9999 -9999 -9999 -9999 -9999 -9999 -9999 -9999 -9999 -9999 -9999 -9999 -9999 -9999 -9999 -9999 -9999 -9999 -9999 -9999 -9999 -9999 -9999 -9999 -9999 -9999 -9999 -9999 -9999 -9999 -9999 -9999 -9999 -9999 -9999 -9999 -9999 -9999 -9999 -9999 -9999 -9999 -9999 -9999 -9999 -9999 -9999
193 202 182 163 154 141 147 142 135 137 150 174 194 212 225 225 224 224 230 224 200 179 155 119 133 189 220 249 302 346 357 309 217 125 76 0 -9999 -9999 -9999 -9999 -9999 -9999 -9999 -9999 -9999 -9999 -9999 -9999 -9999 -9999 -9999 -9999 -9999 -9999 -9999 -9999 -9999 -9999 -9999 -9999 -9999 -9999 -9999 -9999 -9999 -9999 -9999 -9999 -9999 -9999 -9999 -9999 -9999 -9999 -9999 -9999 -9999 -9999 -9999 -9999 -9999 -9999 -9999 -9999 -9999 -9999 -9999 -9999 -9999 -9999 -9999 -9999 -9999 -9999 -9999 -9999
185 188 150 129 129 127 125 123 131 147 164 182 200 213 222 222 231 242 238 215 188 166 160 150 150 179 210 250 294 327 343 296 217 136 69 34 0 0 -9999 -9999 -9999 -9999 -9999 -9999 -9999 -9999 -9999 -9999 -9999 -9999 -9999 -9999 -9999 -9999 -9999 -9999 -9999 -9999 -9999 -9999 -9999 -9999 -9999 -9999 -9999 -9999 -9999 -9999 -9999 -9999 -9999 -9999 -9999 -9999 -9999 -9999 -9999 -9999 -9999 -9999 -9999 -9999 -9999 -9999 -9999 -9999 -9999 -9999 -9999 -9999 -9999 -9999 -9999 -9999 -9999 -9999
147 159 140 121 119 118 119 121 137 156 175 190 206 215 219 222 235 261 245 205 177 153 165 181 167 168 200 251 286 308 308 284 217 147 66 38 43 0 -9999 -9999 -9999 -9999 -9999 -9999 -9999 -9999 -9999 -9999 -9999 -9999 -9999 -9999 -9999 -9999 -9999 -9999 -9999 -9999 -9999 -9999 -9999 -9999 -9999 -9999 -9999 -9999 -9999 -9999 -9999 -9999 -9999 -9999 -9999 -9999 -9999 -9999 -9999 -9999 -9999 -9999 -9999 -9999 -9999 -9999 -9999 -9999 -9999 -9999 -9999 -9999 -9999 -9999 -9999 -9999 -9999 -9999
101 107 109 103 103 108 120 130 141 158 176 191 209 219 232 232 231 236 218 190 180 177 207 234 205 178 192 262 292 299 315 294 229 151 82 56 43 0 0 0 0 0 -9999 -9999 -9999 -9999 -9999 -9999 -9999 -9999 -9999 -9999 -9999 -9999 -9999 -9999 -9999 -9999 -9999 -9999 -9999 -9999 -9999 -9999 -9999 -9999 -9999 -9999 -9999 -9999 -9999 -9999 -9999 -9999 -9999 -9999 -9999 -9999 -9999 -9999 -9999 -9999 -9999 -9999 -9999 -9999 -9999 -9999 -9999 -9999 -9999 -9999 -9999 -9999 -9999 -9999
93 84 88 93 96 101 121 139 146 160 177 192 212 227 238 242 227 212 191 176 183 202 249 288 243 187 196 251 298 298 303 272 222 162 110 73 49 27 39 65 66 0 -9999 -9999 -9999 -9999 -9999 -9999 -9999 -9999 -9999 -9999 -9999 -9999 -9999 -9999 -9999 -9999 -9999 -9999 -9999 -9999 -9999 -9999 -9999 -9999 -9999 -9999 -9999 -9999 -9999 -9999 -9999 -9999 -9999 -9999 -9999 -9999 -9999 -9999 -9999 -9999 -9999 -9999 -9999 -9999 -9999 -9999 -9999 -9999 -9999 -9999 -9999 -9999 -9999 -9999
92 95 102 108 114 113 127 146 157 179 199 207 220 229 230 225 214 203 191 183 196 222 264 285 241 193 203 246 269 283 287 241 203 169 123 80 52 27 39 65 66 0 -9999 -9999 -9999 -9999 -9999 -9999 -9999 -9999 -9999 -9999 -9999 -9999 -9999 -9999 -9999 -9999 -9999 -9999 -9999 -9999 -9999 -9999 -9999 -9999 -9999 -9999 -9999 -9999 -9999 -9999 -9999 -9999 -9999 -9999 -9999 -9999 -9999 -9999 -9999 -9999 -9999 -9999 -9999 -9999 -9999 -9999 -9999 -9999 -9999 -9999 -9999 -9999 -9999 -9999
91 106 116 123 132 126 132 154 168 198 221 223 228 228 221 209 201 195 191 191 209 243 278 281 239 202 220 244 264 288 307 301 251 183 134 89 54 34 38 49 49 0 -9999 -9999 -9999 -9999 -9999 -9999 -9999 -9999 -9999 -9999 -9999 -9999 -9999 -9999 -9999 -9999 -9999 -9999 -9999 -9999 -9999 -9999 -9999 -9999 -9999 -9999 -9999 -9999 -9999 -9999 -9999 -9999 -9999 -9999 -9999 -9999 -9999 -9999 -9999 -9999 -9999 -9999 -9999 -9999 -9999 -9999 -9999 -9999 -9999 -9999 -9999 -9999 -9999 -9999
96 106 118 122 133 140 158 184 209 227 238 240 236 239 243 229 208 210 226 229 242 275 290 287 252 218 230 252 270 306 338 361 300 198 146 98 57 42 37 34 33 0 -9999 -9999 -9999 -9999 -9999 -9999 -9999 -9999 -9999 -9999 -9999 -9999 -9999 -9999 -9999 -9999 -9999 -9999 -9999 -9999 -9999 -9999 -9999 -9999 -9999 -9999 -9999 -9999 -9999 -9999 -9999 -9999 -9999 -9999 -9999 -9999 -9999 -9999 -9999 -9999 -9999 -9999 -9999 -9999 -9999 -9999 -9999 -9999 -9999 -9999 -9999 -9999 -9999 -9999
101 111 119 126 133 154 185 215 250 256 255 257 257 249 265 248 216 226 262 267 299 318 307 298 267 228 236 255 269 301 336 356 279 177 136 94 59 56 52 36 27 0 -9999 -9999 -9999 -9999 -9999 -9999 -9999 -9999 -9999 -9999 -9999 -9999 -9999 -9999 -9999 -9999 -9999 -9999 -9999 -9999 -9999 -9999 -9999 -9999 -9999 -9999 -9999 -9999 -9999 -9999 -9999 -9999 -9999 -9999 -9999 -9999 -9999 -9999 -9999 -9999 -9999 -9999 -9999 -9999 -9999 -9999 -9999 -9999 -9999 -9999 -9999 -9999 -9999 -9999
106 115 122 134 151 177 214 248 269 278 282 285 272 257 261 248 225 242 280 295 305 330 312 304 268 233 241 241 269 296 335 352 258 157 127 91 62 70 67 39 25 16 16 0 0 0 -9999 -9999 -9999 -9999 -9999 -9999 -9999 -9999 -9999 -9999 -9999 -9999 -9999 -9999 -9999 -9999 -9999 -9999 -9999 -9999 -9999 -9999 -9999 -9999 -9999 -9999 -9999 -9999 -9999 -9999 -9999 -9999 -9999 -9999 -9999 -9999 -9999 -9999 -9999 -9999 -9999 -9999 -9999 -9999 -9999 -9999 -9999 -9999 -9999 -9999
110 119 126 141 169 200 244 281 289 301 309 304 287 266 256 252 258 270 298 329 336 329 312 296 267 252 257 277 293 305 336 340 273 197 163 130 97 91 82 55 37 28 28 33 38 0 -9999 -9999 -9999 -9999 -9999 -9999 -9999 -9999 -9999 -9999 -9999 -9999 -9999 -9999 -9999 -9999 -9999 -9999 -9999 -9999 -9999 -9999 -9999 -9999 -9999 -9999 -9999 -9999 -9999 -9999 -9999 -9999 -9999 -9999 -9999 -9999 -9999 -9999 -9999 -9999 -9999 -9999 -9999 -9999 -9999 -9999 -9999 -9999 -9999 -9999
147 157 160 172 194 228 262 276 278 291 301 292 287 270 262 262 266 283 310 333 337 329 312 289 266 271 271 314 317 314 337 329 289 238 199 169 133 112 98 72 50 50 34 33 43 48 -9999 -9999 -9999 -9999 -9999 -9999 -9999 -9999 -9999 -9999 -9999 -9999 -9999 -9999 -9999 -9999 -9999 -9999 -9999 -9999 -9999 -9999 -9999 -9999 -9999 -9999 -9999 -9999 -9999 -9999 -9999 -9999 -9999 -9999 -9999 -9999 -9999 -9999 -9999 -9999 -9999 -9999 -9999 -9999 -9999 -9999 -9999 -9999 -9999 -9999
184 196 194 202 220 257 280 271 267 280 313 306 319 327 315 297 283 299 329 349 349 340 324 299 276 267 283 311 311 311 327 321 291 248 208 176 140 117 103 86 78 74 68 57 47 48 -9999 -9999 -9999 -9999 -9999 -9999 -9999 -9999 -9999 -9999 -9999 -9999 -9999 -9999 -9999 -9999 -9999 -9999 -9999 -9999 -9999 -9999 -9999 -9999 -9999 -9999 -9999 -9999 -9999 -9999 -9999 -9999 -9999 -9999 -9999 -9999 -9999 -9999 -9999 -9999 -9999 -9999 -9999 -9999 -9999 -9999 -9999 -9999 -9999 -9999
187 196 200 210 226 253 266 263 268 284 306 327 352 380 362 326 300 316 347 366 361 351 336 310 286 281 295 309 305 307 316 314 294 258 218 184 148 121 109 94 89 93 86 58 43 26 5 0 0 2 10 21 16 0 0 0 -9999 -9999 -9999 -9999 -9999 -9999 -9999 -9999 -9999 -9999 -9999 -9999 -9999 -9999 -9999 -9999 -9999 -9999 -9999 -9999 -9999 -9999 -9999 -9999 -9999 -9999 -9999 -9999 -9999 -9999 -9999 -9999 -9999 -9999 -9999 -9999 -9999 -9999 -9999 -9999
191 196 206 218 233 244 245 242 259 278 301 329 363 377 358 345 339 342 350 358 354 346 340 322 298 309 312 317 313 310 315 304 280 249 218 186 148 123 117 104 104 87 70 36 25 15 5 0 2 2 10 21 16 0 0 0 -9999 -9999 -9999 -9999 -9999 -9999 -9999 -9999 -9999 -9999 -9999 -9999 -9999 -9999 -9999 -9999 -9999 -9999 -9999 -9999 -9999 -9999 -9999 -9999 -9999 -9999 -9999 -9999 -9999 -9999 -9999 -9999 -9999 -9999 -9999 -9999 -9999 -9999 -9999 -9999
206 218 225 227 231 233 238 239 249 264 286 332 373 374 354 364 379 369 352 350 347 341 344 335 323 324 328 332 321 313 314 295 266 241 219 176 149 119 111 107 90 74 67 37 14 10 3 0 13 28 25 17 25 36 59 30 1 0 -9999 -9999 -9999 -9999 -9999 -9999 -9999 -9999 -9999 -9999 -9999 -9999 -9999 -9999 -9999 -9999 -9999 -9999 -9999 -9999 -9999 -9999 -9999 -9999 -9999 -9999 -9999 -9999 -9999 -9999 -9999 -9999 -9999 -9999 -9999 -9999 -9999 -9999
232 242 242 234 225 229 238 234 239 241 271 311 344 341 319 343 375 369 352 336 324 315 316 320 303 316 330 348 363 357 317 282 255 231 204 176 138 117 97 97 76 60 65 39 4 2 2 16 19 41 33 13 35 55 55 30 1 0 -9999 -9999 -9999 -9999 -9999 -9999 -9999 -9999 -9999 -9999 -9999 -9999 -9999 -9999 -9999 -9999 -9999 -9999 -9999 -9999 -9999 -9999 -9999 -9999 -9999 -9999 -9999 -9999 -9999 -9999 -9999 -9999 -9999 -9999 -9999 -9999 -9999 -9999
242 244 239 231 221 229 238 229 219 230 257 291 316 309 284 323 372 370 352 322 301 289 288 290 293 308 332 356 406 401 305 261 229 201 172 145 121 103 99 91 81 80 86 73 55 2 2 16 19 37 34 32 48 55 59 51 39 38 0 0 -9999 -9999 -9999 -9999 -9999 -9999 -9999 -9999 -9999 -9999 -9999 -9999 -9999 -9999 -9999 -9999 -9999 -9999 -9999 -9999 -9999 -9999 -9999 -9999 -9999 -9999 -9999 -9999 -9999 -9999 -9999 -9999 -9999 -9999 -9999 -9999
207 209 223 223 204 207 220 219 212 219 239 273 303 292 267 285 319 333 321 298 292 285 283 281 288 307 336 356 391 395 339 254 214 182 154 130 103 90 90 85 86 101 107 107 107 0 2 0 0 30 36 51 60 60 63 72 58 48 58 0 -9999 -9999 -9999 -9999 -9999 -9999 -9999 -9999 -9999 -9999 -9999 -9999 -9999 -9999 -9999 -9999 -9999 -9999 -9999 -9999 -9999 -9999 -9999 -9999 -9999 -9999 -9999 -9999 -9999 -9999 -9999 -9999 -9999 -9999 -9999 -9999
172 175 207 214 188 185 202 208 208 207 222 256 300 290 251 247 266 296 290 274 283 281 274 276 283 307 315 332 352 371 334 258 209 173 140 117 102 88 86 88 101 115 113 100 64 9 -9999 -9999 -9999 -9999 36 39 38 35 49 73 73 62 58 0 -9999 -9999 -9999 -9999 -9999 -9999 -9999 -9999 -9999 -9999 -9999 -9999 -9999 -9999 -9999 -9999 -9999 -9999 -9999 -9999 -9999 -9999 -9999 -9999 -9999 -9999 -9999 -9999 -9999 -9999 -9999 -9999 -9999 -9999 -9999 -9999
163 163 179 182 169 175 196 209 201 192 204 232 264 260 238 232 234 243 242 243 251 256 257 261 272 280 291 308 330 354 338 263 204 165 125 105 93 88 82 92 117 129 119 92 42 9 -9999 -9999 -9999 -9999 0 16 16 11 23 56 83 82 73 74 -9999 -9999 -9999 -9999 -9999 -9999 -9999 -9999 -9999 -9999 -9999 -9999 -9999 -9999 -9999 -9999 -9999 -9999 -9999 -9999 -9999 -9999 -9999 -9999 -9999 -9999 -9999 -9999 -9999 -9999 -9999 -9999 -9999 -9999 -9999 -9999
154 152 152 151 150 166 191 191 194 176 186 207 228 231 226 217 203 191 195 213 234 241 270 276 277 288 302 311 317 328 304 232 179 142 112 99 94 97 95 108 126 126 112 90 75 47 1 0 0 0 0 16 16 14 11 37 78 90 80 74 0 0 -9999 -9999 -9999 -9999 -9999 -9999 -9999 -9999 -9999 -9999 -9999 -9999 -9999 -9999 -9999 -9999 -9999 -9999 -9999 -9999 -9999 -9999 -9999 -9999 -9999 -9999 -9999 -9999 -9999 -9999 -9999 -9999 -9999 -9999
137 142 148 145 147 157 159 168 171 167 168 180 191 196 196 197 194 185 198 224 244 264 284 306 292 295 313 314 305 302 270 202 155 120 99 94 96 101 107 124 136 124 105 88 108 67 1 0 0 13 10 8 14 16 11 27 68 98 87 52 0 0 -9999 -9999 -9999 -9999 -9999 -9999 -9999 -9999 -9999 -9999 -9999 -9999 -9999 -9999 -9999 -9999 -9999 -9999 -9999 -9999 -9999 -9999 -9999 -9999 -9999 -9999 -9999 -9999 -9999 -9999 -9999 -9999 -9999 -9999
121 132 144 140 144 148 144 145 148 150 150 152 154 162 166 176 191 208 227 249 261 267 282 300 303 313 328 322 295 273 233 175 141 117 105 102 114 118 132 145 140 113 85 89 119 99 58 63 85 50 10 10 14 20 0 9 59 107 93 41 0 0 -9999 -9999 -9999 -9999 -9999 -9999 -9999 -9999 -9999 -9999 -9999 -9999 -9999 -9999 -9999 -9999 -9999 -9999 -9999 -9999 -9999 -9999 -9999 -9999 -9999 -9999 -9999 -9999 -9999 -9999 -9999 -9999 -9999 -9999
132 143 155 160 172 168 184 178 186 196 179 166 156 160 164 168 197 237 254 262 270 270 279 298 316 331 343 330 285 245 195 148 128 114 112 118 123 134 157 167 145 102 66 90 139 148 130 104 101 87 69 70 57 44 0 4 43 96 105 65 29 0 -9999 -9999 -9999 -9999 -9999 -9999 -9999 -9999 -9999 -9999 -9999 -9999 -9999 -9999 -9999 -9999 -9999 -9999 -9999 -9999 -9999 -9999 -9999 -9999 -9999 -9999 -9999 -9999 -9999 -9999 -9999 -9999 -9999 -9999
144 155 165 180 200 209 204 212 225 219 235 232 214 222 203 197 200 221 237 248 254 256 273 288 315 328 318 296 244 195 160 135 129 135 134 128 137 150 164 165 151 119 78 80 114 165 146 113 117 124 124 130 101 68 0 0 28 85 117 89 58 0 -9999 -9999 -9999 -9999 -9999 -9999 -9999 -9999 -9999 -9999 -9999 -9999 -9999 -9999 -9999 -9999 -9999 -9999 -9999 -9999 -9999 -9999 -9999 -9999 -9999 -9999 -9999 -9999 -9999 -9999 -9999 -9999 -9999 -9999
147 161 173 191 212 219 220 240 247 260 272 284 270 255 246 224 203 206 220 233 233 249 268 279 315 325 292 262 204 146 125 123 130 156 156 156 152 166 170 169 158 133 107 82 91 135 153 137 130 137 136 139 115 60 5 0 19 62 106 94 72 0 -9999 -9999 -9999 -9999 -9999 -9999 -9999 -9999 -9999 -9999 -9999 -9999 -9999 -9999 -9999 -9999 -9999 -9999 -9999 -9999 -9999 -9999 -9999 -9999 -9999 -9999 -9999 -9999 -9999 -9999 -9999 -9999 -9999 -9999
149 167 182 202 224 225 242 260 255 271 261 242 231 225 227 215 201 198 202 206 208 216 236 249 266 266 235 203 164 140 136 140 148 168 182 173 171 174 182 184 158 131 123 94 71 105 161 160 144 144 149 149 130 56 5 0 1 40 96 100 87 0 -9999 -9999 -9999 -9999 -9999 -9999 -9999 -9999 -9999 -9999 -9999 -9999 -9999 -9999 -9999 -9999 -9999 -9999 -9999 -9999 -9999 -9999 -9999 -9999 -9999 -9999 -9999 -9999 -9999 -9999 -9999 -9999 -9999 -9999
152 167 182 200 218 223 247 251 237 241 221 200 193 196 208 206 198 189 185 184 182 184 205 219 217 207 177 144 125 134 148 157 166 179 179 191 190 190 188 181 164 147 144 137 116 107 139 155 143 146 148 142 124 67 20 11 1 33 70 80 70 0 -9999 -9999 -9999 -9999 -9999 -9999 -9999 -9999 -9999 -9999 -9999 -9999 -9999 -9999 -9999 -9999 -9999 -9999 -9999 -9999 -9999 -9999 -9999 -9999 -9999 -9999 -9999 -9999 -9999 -9999 -9999 -9999 -9999 -9999
164 168 174 194 185 200 216 226 237 249 231 204 184 176 183 185 180 170 170 160 171 177 193 186 173 166 156 132 128 142 158 169 177 176 181 189 191 189 182 174 170 162 165 181 161 110 118 150 151 149 148 136 118 78 27 11 1 11 45 61 53 0 -9999 -9999 -9999 -9999 -9999 -9999 -9999 -9999 -9999 -9999 -9999 -9999 -9999 -9999 -9999 -9999 -9999 -9999 -9999 -9999 -9999 -9999 -9999 -9999 -9999 -9999 -9999 -9999 -9999 -9999 -9999 -9999 -9999 -9999
173 170 165 171 168 177 185 201 237 256 242 208 176 157 158 163 163 150 141 148 160 171 182 154 129 125 114 119 131 151 169 172 176 163 175 191 201 203 191 191 205 203 191 198 183 147 143 153 155 150 148 144 125 76 26 12 5 9 32 49 53 0 -9999 -9999 -9999 -9999 -9999 -9999 -9999 -9999 -9999 -9999 -9999 -9999 -9999 -9999 -9999 -9999 -9999 -9999 -9999 -9999 -9999 -9999 -9999 -9999 -9999 -9999 -9999 -9999 -9999 -9999 -9999 -9999 -9999 -9999
183 180 173 172 170 175 181 187 214 242 250 226 183 154 148 157 156 146 138 142 152 161 166 142 121 116 108 119 132 147 159 163 153 152 168 194 211 210 201 208 241 244 218 216 205 185 168 159 158 152 149 152 132 73 25 12 7 12 23 20 0 0 -9999 -9999 -9999 -9999 -9999 -9999 -9999 -9999 -9999 -9999 -9999 -9999 -9999 -9999 -9999 -9999 -9999 -9999 -9999 -9999 -9999 -9999 -9999 -9999 -9999 -9999 -9999 -9999 -9999 -9999 -9999 -9999 -9999 -9999
194 191 181 181 171 173 177 174 192 229 258 243 189 151 138 151 150 137 136 136 143 152 151 130 113 103 103 117 130 141 150 153 149 154 169 189 205 216 218 224 249 249 225 224 208 189 174 172 164 156 147 141 124 82 34 11 6 9 26 17 1 1 -9999 -9999 -9999 -9999 -9999 -9999 -9999 -9999 -9999 -9999 -9999 -9999 -9999 -9999 -9999 -9999 -9999 -9999 -9999 -9999 -9999 -9999 -9999 -9999 -9999 -9999 -9999 -9999 -9999 -9999 -9999 -9999 -9999 -9999
213 206 207 201 185 174 169 164 180 215 249 242 200 144 131 137 140 135 137 140 146 147 134 110 96 98 101 114 128 142 145 143 143 156 171 185 200 222 235 241 257 253 241 233 212 193 187 179 170 159 145 130 115 103 78 37 10 14 32 29 1 1 -9999 -9999 -9999 -9999 -9999 -9999 -9999 -9999 -9999 -9999 -9999 -9999 -9999 -9999 -9999 -9999 -9999 -9999 -9999 -9999 -9999 -9999 -9999 -9999 -9999 -9999 -9999 -9999 -9999 -9999 -9999 -9999 -9999 -9999
232 220 225 221 200 175 162 154 168 202 240 241 193 148 125 124 131 131 138 143 135 126 112 88 80 97 113 126 135 141 146 147 152 169 188 204 220 237 245 250 265 260 239 227 212 197 192 181 174 165 154 125 102 108 114 63 16 16 38 53 0 0 -9999 -9999 -9999 -9999 -9999 -9999 -9999 -9999 -9999 -9999 -9999 -9999 -9999 -9999 -9999 -9999 -9999 -9999 -9999 -9999 -9999 -9999 -9999 -9999 -9999 -9999 -9999 -9999 -9999 -9999 -9999 -9999 -9999 -9999
223 215 204 201 201 193 167 151 155 178 209 212 171 138 118 112 113 120 117 121 117 109 107 86 82 104 125 138 142 141 147 147 161 182 206 224 240 252 254 259 273 266 238 221 211 206 195 185 172 162 157 129 93 98 107 81 38 24 32 53 0 0 -9999 -9999 -9999 -9999 -9999 -9999 -9999 -9999 -9999 -9999 -9999 -9999 -9999 -9999 -9999 -9999 -9999 -9999 -9999 -9999 -9999 -9999 -9999 -9999 -9999 -9999 -9999 -9999 -9999 -9999 -9999 -9999 -9999 -9999
215 206 193 180 202 210 173 148 143 154 179 184 148 119 111 92 86 91 96 97 95 92 90 86 92 110 124 136 143 152 158 162 174 194 220 245 248 246 251 258 269 261 241 225 213 208 201 191 178 153 150 137 99 81 101 98 61 33 20 0 0 0 -9999 -9999 -9999 -9999 -9999 -9999 -9999 -9999 -9999 -9999 -9999 -9999 -9999 -9999 -9999 -9999 -9999 -9999 -9999 -9999 -9999 -9999 -9999 -9999 -9999 -9999 -9999 -9999 -9999 -9999 -9999 -9999 -9999 -9999
194 194 186 175 188 203 188 162 147 148 162 168 143 112 98 89 80 88 95 96 87 75 74 85 103 115 124 135 144 163 175 176 188 206 235 267 256 241 249 257 264 257 244 229 214 200 182 166 147 126 120 120 92 79 86 87 74 53 20 0 -9999 -9999 -9999 -9999 -9999 -9999 -9999 -9999 -9999 -9999 -9999 -9999 -9999 -9999 -9999 -9999 -9999 -9999 -9999 -9999 -9999 -9999 -9999 -9999 -9999 -9999 -9999 -9999 -9999 -9999 -9999 -9999 -9999 -9999 -9999 -9999
173 173 179 170 174 197 203 177 152 143 137 141 129 99 80 73 77 85 89 84 77 76 82 99 113 116 122 136 152 168 188 190 196 216 238 262 256 231 229 231 240 246 235 224 216 195 159 138 119 99 90 86 85 78 71 76 86 92 0 0 -9999 -9999 -9999 -9999 -9999 -9999 -9999 -9999 -9999 -9999 -9999 -9999 -9999 -9999 -9999 -9999 -9999 -9999 -9999 -9999 -9999 -9999 -9999 -9999 -9999 -9999 -9999 -9999 -9999 -9999 -9999 -9999 -9999 -9999 -9999 -9999
