Intro_to_mapping/alt1_test.asc
NCOLS 674 
NROWS 880 
XLLCORNER 30000 
YLLCORNER 20000 
CELLSIZE 500 
NODATA_value -9999 
[rows 322 to 367 of 880, columns 96 to 191 of 674]
111 116 124 122 84 36 25 1 72 171 267 288 265 212 171 156 174 202 198 176 124 77 91 127 110 71 75 68 112 151 136 110 114 96 50 9 6 6 19 44 64 82 90 94 96 80 65 51 46 50 48 47 40 27 31 35 25 18 17 49 82 106 201 329 376 331 254 212 207 183 155 137 129 136 139 154 148 101 66 53 53 50 39 31 27 27 26 17 11 10 10 10 14 17 16 16
178 200 187 152 117 83 35 2 69 155 169 162 182 186 147 136 137 160 163 137 107 78 59 73 74 57 55 67 87 101 87 70 70 52 25 8 2 3 6 21 42 60 80 95 95 76 55 45 46 49 47 41 31 24 26 29 21 18 17 63 136 149 247 336 356 325 256 208 197 179 155 133 124 125 127 151 140 93 69 59 56 50 37 29 26 25 25 20 15 11 10 11 14 17 18 17
246 284 250 182 182 130 41 2 83 146 114 97 141 145 116 120 116 133 128 103 79 60 48 56 62 52 51 54 61 72 67 51 48 38 20 7 2 4 5 13 31 51 75 91 87 77 62 46 41 40 36 27 20 21 21 20 19 17 17 54 163 235 293 343 336 320 258 204 187 176 156 129 119 115 115 147 133 84 72 65 59 50 36 27 24 26 27 24 19 11 10 11 14 18 19 19
358 352 271 226 209 166 83 33 54 98 77 54 59 60 58 58 61 80 93 70 51 43 38 40 50 48 47 41 35 43 48 33 25 24 15 6 2 1 2 5 20 43 70 88 79 77 69 47 37 31 26 20 19 22 22 21 19 19 45 94 176 234 270 286 264 257 234 213 197 178 161 119 109 106 128 149 120 84 72 64 56 48 36 28 26 30 33 30 25 17 10 11 12 17 22 22
470 420 291 248 236 203 125 64 24 1 4 11 18 16 21 27 27 50 67 43 35 31 27 30 38 37 34 36 29 36 34 25 22 22 16 8 4 4 5 10 21 34 49 58 62 51 46 37 35 28 23 23 28 30 32 35 47 42 53 94 144 178 187 196 193 195 211 222 208 181 155 119 100 98 140 150 107 85 72 63 53 46 36 31 30 35 39 36 32 20 10 10 10 17 25 26
435 398 302 239 207 175 104 49 22 1 4 11 18 16 21 27 27 21 14 16 18 18 16 20 25 25 26 26 24 22 20 18 19 20 17 11 6 8 9 15 23 26 29 28 27 26 23 26 33 27 18 27 37 38 42 49 75 63 33 55 98 123 125 156 180 196 200 202 191 169 147 120 102 96 124 126 89 74 67 59 53 51 44 36 33 35 33 28 24 17 10 14 19 23 27 31
399 375 313 230 179 148 84 34 17 0 0 0 0 0 0 0 0 0 0 0 0 0 0 18 20 17 18 22 22 15 16 13 13 17 14 10 5 8 13 15 21 20 21 22 21 23 21 24 33 37 37 45 50 44 48 72 110 94 53 65 96 113 125 135 165 198 200 184 160 144 131 119 106 92 108 101 71 63 62 56 52 56 53 42 37 35 28 21 16 11 10 14 24 30 30 32
336 313 256 186 99 102 59 34 17 0 0 0 0 0 0 0 0 0 0 0 0 0 0 9 9 2 10 19 19 9 9 5 8 11 9 9 3 8 15 16 19 15 13 16 19 20 18 23 33 47 57 64 63 50 55 96 145 125 74 76 91 108 125 135 164 199 211 185 146 130 124 114 99 86 94 87 70 65 62 58 53 49 45 39 33 33 28 23 18 12 10 13 22 30 33 38
272 251 199 142 51 10 10 0 -9999 -9999 -9999 -9999 -9999 -9999 0 0 -9999 -9999 0 0 0 0 0 0 9 0 0 0 0 0 9 5 8 11 9 4 1 5 9 11 14 14 13 15 19 23 33 44 63 79 93 78 77 61 69 108 133 107 77 79 97 106 109 114 137 161 168 155 137 129 119 105 88 79 78 73 66 58 55 54 53 43 37 36 31 29 28 24 20 14 11 11 21 30 36 44
211 184 151 131 51 10 10 0 -9999 -9999 -9999 -9999 -9999 -9999 0 0 -9999 -9999 0 0 0 0 0 0 0 0 0 0 0 0 0 0 0 0 0 -1 0 1 4 6 9 11 12 14 19 26 41 66 93 111 111 106 91 72 83 120 121 90 80 82 100 104 93 94 111 123 124 125 129 128 114 100 84 78 77 70 61 49 41 48 49 43 39 36 30 27 23 18 18 16 23 26 33 43 41 45
150 117 103 110 0 0 0 0 -9999 -9999 -9999 -9999 -9999 -9999 -9999 -9999 -9999 -9999 -9999 -9999 -9999 -9999 -9999 -9999 -9999 -9999 -9999 -9999 0 0 0 0 0 0 0 0 1 4 5 10 14 13 16 21 22 28 36 54 74 89 90 86 80 72 76 94 95 81 76 75 89 100 98 97 107 111 117 118 122 123 110 93 81 77 77 65 54 46 44 43 45 41 37 35 29 26 22 17 17 20 29 40 45 49 46 46
0 96 103 110 0 0 0 0 -9999 -9999 -9999 -9999 -9999 -9999 -9999 -9999 -9999 -9999 -9999 -9999 -9999 -9999 -9999 -9999 -9999 -9999 -9999 -9999 0 0 0 0 0 0 0 0 0 6 5 8 13 11 19 25 26 30 32 41 56 68 70 67 69 72 70 68 70 73 71 69 79 96 104 99 97 100 109 112 115 119 105 86 77 78 79 60 41 44 46 46 45 38 33 33 29 27 26 20 19 26 31 38 43 51 53 55
0 0 0 0 -9999 -9999 -9999 -9999 -9999 -9999 -9999 -9999 -9999 -9999 -9999 -9999 -9999 -9999 -9999 -9999 -9999 -9999 -9999 -9999 -9999 -9999 -9999 -9999 0 0 0 0 -9999 -9999 0 0 0 2 3 4 3 5 13 18 24 32 32 37 47 56 62 61 62 65 66 65 66 68 70 76 93 103 104 104 102 95 96 102 102 97 84 68 61 61 61 52 45 44 45 39 40 38 34 33 30 28 27 24 22 27 38 43 54 65 71 70
0 0 0 0 -9999 -9999 -9999 -9999 -9999 -9999 -9999 -9999 -9999 -9999 -9999 -9999 -9999 -9999 -9999 -9999 -9999 -9999 -9999 -9999 -9999 -9999 -9999 -9999 0 0 0 0 -9999 -9999 0 0 0 3 6 6 4 5 12 14 24 31 26 29 35 41 54 56 55 58 62 63 63 64 68 84 108 111 108 113 108 90 82 92 89 75 62 51 45 45 43 45 47 45 43 36 35 37 34 33 31 29 28 25 23 29 41 51 65 79 82 76
-9999 -9999 -9999 -9999 -9999 -9999 -9999 -9999 -9999 -9999 -9999 -9999 -9999 -9999 -9999 -9999 -9999 -9999 -9999 -9999 -9999 -9999 0 0 0 0 0 0 0 0 0 0 0 0 0 0 4 3 7 9 6 6 8 12 26 28 20 25 31 46 53 55 56 59 64 67 67 66 65 74 90 95 98 104 96 80 73 73 65 62 51 47 44 40 37 41 44 43 42 37 36 36 34 32 31 26 26 24 24 31 45 61 78 86 91 84
-9999 -9999 -9999 -9999 -9999 -9999 -9999 -9999 -9999 -9999 -9999 -9999 -9999 -9999 -9999 -9999 -9999 -9999 -9999 -9999 -9999 -9999 0 0 0 0 0 0 0 0 0 0 0 0 0 1 4 6 7 5 4 5 10 15 24 30 27 33 42 47 53 55 56 56 65 75 74 68 63 64 72 78 88 95 84 71 64 54 42 36 40 44 43 36 31 36 41 40 41 41 38 35 34 32 30 26 23 23 25 34 49 71 92 99 100 92
-9999 -9999 -9999 -9999 -9999 -9999 -9999 -9999 -9999 -9999 -9999 -9999 -9999 -9999 -9999 -9999 -9999 -9999 -9999 -9999 -9999 -9999 0 0 0 0 0 0 0 0 0 0 0 0 1 1 0 12 7 2 2 2 12 18 17 31 34 40 54 51 53 56 55 53 64 80 71 62 55 57 66 67 70 68 73 58 52 47 41 39 42 42 40 38 40 39 42 41 41 39 36 35 35 32 31 27 25 24 25 34 53 81 107 110 97 80
-9999 -9999 -9999 -9999 -9999 -9999 -9999 -9999 -9999 -9999 -9999 -9999 -9999 -9999 -9999 -9999 -9999 -9999 -9999 -9999 -9999 -9999 0 0 0 0 0 0 0 0 0 0 0 2 2 2 2 8 7 5 8 10 14 14 13 25 25 32 49 52 49 50 47 53 68 76 75 67 56 51 51 46 46 45 53 46 40 40 40 42 44 40 38 42 43 44 43 42 41 38 35 36 36 34 32 29 27 26 25 34 51 91 122 115 95 69
-9999 -9999 -9999 -9999 -9999 -9999 -9999 -9999 -9999 -9999 -9999 -9999 -9999 -9999 -9999 -9999 -9999 -9999 -9999 -9999 -9999 -9999 0 0 0 0 0 0 0 0 0 0 0 2 2 2 2 7 8 7 15 18 16 11 10 14 17 23 44 53 46 44 40 54 71 71 78 79 64 51 41 35 35 41 45 41 38 38 36 34 39 39 38 40 40 41 41 41 38 35 34 35 33 31 30 27 25 25 25 31 40 73 112 110 89 67
-9999 -9999 -9999 -9999 -9999 -9999 -9999 -9999 -9999 -9999 -9999 -9999 -9999 -9999 -9999 -9999 -9999 -9999 -9999 -9999 -9999 -9999 0 0 0 0 0 0 2 0 0 9 6 2 5 5 7 10 8 8 13 13 14 12 12 18 21 21 31 38 37 43 60 62 74 71 72 66 55 44 38 35 33 33 36 35 34 35 37 36 37 38 37 37 37 38 40 39 35 32 34 34 31 30 28 26 24 24 25 29 29 55 102 106 83 66
-9999 -9999 -9999 -9999 -9999 -9999 -9999 -9999 -9999 -9999 -9999 -9999 -9999 -9999 -9999 -9999 -9999 -9999 -9999 -9999 -9999 -9999 0 0 0 0 0 2 2 0 0 18 9 2 7 9 13 13 9 10 11 11 11 13 14 20 25 19 18 23 29 43 65 78 77 70 67 54 39 37 35 35 32 31 35 33 31 35 42 42 39 38 40 43 40 39 40 39 37 35 33 32 31 30 28 25 27 28 29 30 28 66 100 87 70 56
-9999 -9999 -9999 -9999 -9999 -9999 -9999 -9999 -9999 -9999 -9999 -9999 -9999 -9999 -9999 -9999 -9999 -9999 -9999 -9999 -9999 -9999 0 0 0 0 0 0 0 0 18 18 7 1 7 13 14 11 10 12 19 20 17 21 24 22 20 18 19 22 28 39 55 64 66 64 59 47 36 35 34 34 32 33 35 33 34 37 40 40 39 41 42 45 43 42 42 40 39 37 33 30 30 30 27 24 29 33 34 31 28 76 98 68 57 46
-9999 -9999 -9999 -9999 -9999 -9999 -9999 -9999 -9999 -9999 -9999 -9999 -9999 -9999 -9999 -9999 -9999 -9999 -9999 -9999 -9999 -9999 -9999 -9999 0 0 0 0 0 0 0 1 1 1 7 9 10 9 10 15 27 28 24 29 35 25 15 18 19 22 28 36 45 50 55 58 51 41 35 33 32 32 32 35 35 34 37 40 39 38 40 42 43 43 43 43 43 41 40 38 33 32 30 27 26 26 31 35 33 30 30 65 81 60 52 43
-9999 -9999 -9999 -9999 -9999 -9999 -9999 -9999 -9999 -9999 -9999 -9999 -9999 -9999 -9999 -9999 -9999 -9999 -9999 -9999 -9999 -9999 -9999 -9999 0 0 0 0 0 0 0 1 1 1 1 1 11 14 14 19 29 30 23 27 35 29 21 22 22 23 26 33 39 39 47 46 43 38 35 33 33 33 33 34 36 36 38 40 39 42 42 43 43 42 42 44 44 43 42 39 36 32 29 24 25 28 32 35 33 30 32 54 64 53 46 40
-9999 -9999 -9999 -9999 -9999 -9999 -9999 -9999 -9999 -9999 -9999 -9999 -9999 -9999 -9999 -9999 -9999 -9999 -9999 -9999 -9999 -9999 -9999 -9999 0 0 0 0 0 0 0 1 1 1 3 6 12 15 13 19 31 30 27 28 34 34 27 26 24 24 25 30 34 34 33 34 35 35 34 33 33 35 33 33 37 39 40 40 40 44 45 44 43 42 42 44 45 45 44 40 37 31 26 24 23 27 32 33 32 32 34 46 52 48 45 42
-9999 -9999 -9999 -9999 -9999 -9999 -9999 -9999 -9999 -9999 -9999 -9999 -9999 -9999 -9999 -9999 -9999 -9999 -9999 -9999 -9999 -9999 -9999 -9999 0 0 0 0 0 0 0 0 0 0 5 10 12 9 8 17 29 28 29 31 34 39 42 40 41 40 38 40 41 38 36 37 38 39 40 35 36 38 37 38 41 42 42 42 42 44 45 42 41 41 43 45 46 46 40 36 35 32 31 29 28 30 33 34 35 37 38 36 38 41 42 43
-9999 -9999 -9999 -9999 -9999 -9999 -9999 -9999 -9999 -9999 -9999 -9999 -9999 -9999 -9999 -9999 -9999 -9999 -9999 -9999 -9999 -9999 -9999 -9999 -9999 -9999 -9999 -9999 0 0 0 0 0 0 5 10 12 9 8 15 20 26 33 37 37 44 54 61 71 74 63 51 48 41 39 41 41 44 44 38 39 40 41 43 45 46 45 43 44 44 44 41 39 40 44 47 48 46 37 32 34 34 37 33 31 33 34 35 36 40 40 35 36 40 42 42
-9999 -9999 -9999 -9999 -9999 -9999 -9999 -9999 -9999 -9999 -9999 -9999 -9999 -9999 -9999 -9999 -9999 -9999 -9999 -9999 -9999 -9999 -9999 -9999 -9999 -9999 -9999 -9999 0 0 0 0 0 0 0 0 0 0 0 13 11 24 40 40 41 44 52 68 84 90 71 57 49 43 43 43 44 46 47 44 45 44 43 44 46 47 45 45 44 42 40 41 40 40 43 42 39 40 35 34 35 34 35 32 31 32 33 34 34 36 36 34 36 38 39 40
-9999 -9999 -9999 -9999 -9999 -9999 -9999 -9999 -9999 -9999 -9999 -9999 -9999 -9999 -9999 -9999 -9999 -9999 -9999 -9999 -9999 -9999 -9999 -9999 0 0 0 0 -9999 -9999 -9999 -9999 0 0 0 0 0 6 8 15 16 28 45 46 45 49 52 61 73 77 70 59 52 47 47 48 50 51 51 51 51 47 45 47 47 47 47 46 44 40 39 40 40 41 42 38 31 29 33 36 36 35 33 32 31 31 32 32 32 32 32 32 34 36 37 39
-9999 -9999 -9999 -9999 -9999 -9999 -9999 -9999 -9999 -9999 -9999 -9999 -9999 -9999 -9999 -9999 -9999 -9999 -9999 -9999 -9999 -9999 -9999 -9999 0 0 0 0 -9999 -9999 -9999 -9999 0 0 0 0 0 6 8 16 22 33 48 53 53 53 53 55 61 64 58 55 54 49 48 50 52 54 54 54 53 48 46 49 49 47 46 45 43 38 35 33 34 38 36 35 32 29 33 33 33 37 36 32 29 30 32 32 32 32 33 33 34 35 38 40
-9999 -9999 -9999 -9999 -9999 -9999 -9999 -9999 -9999 -9999 -9999 -9999 -9999 -9999 -9999 -9999 -9999 -9999 -9999 -9999 -9999 -9999 0 -1 0 0 0 2 0 -1 -1 0 0 0 0 0 6 13 15 19 24 33 45 55 55 58 49 40 50 49 52 52 53 51 51 51 53 57 57 55 54 52 51 50 49 47 45 44 41 37 32 27 28 31 29 31 32 29 29 30 32 39 39 32 28 29 32 32 32 32 34 36 34 34 39 44
-9999 -9999 -9999 -9999 -9999 -9999 -9999 -9999 -9999 -9999 -9999 -9999 -9999 -9999 -9999 -9999 -9999 -9999 -9999 -9999 -9999 -9999 27 14 5 0 0 2 0 -1 -1 0 0 0 0 0 6 16 23 25 26 34 47 55 58 64 46 25 27 34 46 50 51 54 55 53 55 58 57 53 54 56 55 50 46 48 51 48 41 38 32 27 29 34 31 31 32 32 32 32 33 37 37 32 29 29 33 33 33 32 33 38 39 38 45 50
-9999 -9999 -9999 -9999 0 0 5 14 10 1 1 0 0 0 0 0 0 0 0 0 10 23 27 22 15 9 0 8 8 5 2 0 1 1 12 12 10 17 27 41 50 54 61 58 61 64 54 36 31 33 39 43 49 54 55 57 56 58 55 52 52 49 49 46 44 44 44 44 38 35 29 25 28 34 33 32 29 32 36 34 34 36 35 33 32 32 33 35 34 33 32 40 40 40 50 53
-9999 -9999 -9999 -9999 5 6 11 31 30 10 17 23 19 17 20 20 33 57 52 62 71 54 72 56 62 64 112 73 72 85 53 0 1 1 12 18 14 19 32 50 75 93 75 60 64 64 62 48 31 29 32 37 48 53 56 59 58 59 55 51 49 46 44 42 42 37 32 32 34 32 25 22 33 37 36 35 34 34 36 34 34 34 34 33 34 32 32 33 33 34 32 37 41 40 49 54
2 13 13 1 5 9 18 48 49 27 25 23 19 17 20 20 33 57 78 123 132 85 94 126 102 114 168 136 128 161 100 66 75 36 12 33 52 47 40 47 65 65 64 56 51 49 47 42 35 33 32 39 51 52 53 56 55 56 54 55 53 49 44 41 41 39 33 28 30 29 24 24 32 36 37 39 38 36 34 33 32 32 32 33 35 33 32 33 33 35 32 35 42 40 47 55
46 32 30 7 4 7 12 28 32 25 30 33 30 31 33 43 62 92 132 202 234 203 228 267 231 215 263 275 270 236 258 215 168 110 63 86 100 79 49 45 46 51 53 52 44 35 33 37 39 37 33 42 57 52 51 52 52 52 54 57 58 51 44 41 40 41 33 25 26 27 23 26 34 34 35 39 38 35 33 32 31 31 34 36 35 34 32 34 34 33 34 36 41 44 45 50
48 71 47 13 3 5 6 8 15 25 36 47 53 46 46 67 91 126 187 282 336 322 361 409 360 316 357 415 412 386 367 297 225 159 114 123 109 73 59 50 55 69 75 65 41 34 32 35 37 43 49 58 68 64 64 64 56 57 55 56 56 53 48 44 40 37 32 27 26 25 25 28 31 31 33 39 37 35 34 32 31 31 33 34 35 36 35 36 36 36 37 37 41 48 44 45
35 45 34 18 10 12 11 10 13 20 27 34 37 38 36 50 67 97 153 240 323 375 404 415 353 321 349 347 330 291 299 246 192 142 111 119 111 91 74 85 108 118 112 90 60 34 32 34 35 49 66 74 79 76 77 70 61 60 56 54 55 55 52 47 40 33 29 29 26 23 28 30 28 29 35 39 37 35 35 33 31 31 30 33 36 36 36 37 37 39 41 36 37 41 41 46
21 22 20 23 23 20 17 16 12 15 18 21 22 22 26 33 44 68 119 198 311 428 448 421 346 326 342 279 248 244 231 195 158 125 108 114 114 93 81 115 157 150 127 108 59 36 32 35 42 62 81 82 95 100 95 78 61 58 59 62 61 61 56 52 37 31 30 26 24 22 27 31 30 27 29 37 37 35 34 33 31 29 29 31 31 33 34 38 38 36 37 35 33 34 37 44
26 23 21 22 22 18 19 16 14 17 19 19 20 21 24 30 45 65 93 141 214 300 336 294 311 278 278 239 216 213 204 179 151 119 105 107 102 92 81 112 152 148 130 102 77 56 52 54 67 91 103 98 112 125 112 86 63 55 63 66 68 67 61 53 37 30 31 26 22 21 26 33 32 25 24 36 38 35 35 35 31 27 28 29 28 30 32 39 39 34 34 34 34 34 36 37
44 49 46 40 31 28 27 26 24 25 25 27 31 20 21 28 46 62 67 84 116 172 225 241 241 231 215 199 184 183 177 163 144 114 95 92 90 84 81 110 148 147 130 107 82 71 71 72 84 106 123 143 133 119 97 77 63 55 64 76 78 79 72 54 40 35 32 29 27 25 24 29 32 27 23 30 38 37 35 36 33 26 27 26 25 30 35 38 37 35 36 37 39 37 38 39
62 75 72 57 41 38 35 32 31 30 31 36 36 34 36 41 52 56 60 90 116 151 212 230 216 208 196 193 188 187 182 170 153 123 104 102 102 98 89 104 145 153 133 105 90 76 70 82 113 145 166 166 133 98 75 63 64 65 68 86 89 91 84 56 43 37 32 32 32 29 23 26 33 30 23 25 38 38 35 37 32 26 25 23 22 31 38 41 39 35 38 41 43 39 38 39
55 71 72 59 50 45 42 41 41 40 39 42 50 61 58 74 106 129 111 102 117 130 199 219 192 185 178 186 195 195 188 177 162 133 114 112 114 111 98 97 142 160 131 112 98 81 69 92 142 184 197 166 112 82 68 58 66 91 86 99 103 103 108 92 57 39 31 32 33 30 24 24 26 31 26 25 28 31 31 29 30 26 26 24 26 33 36 37 39 37 38 41 42 40 40 40
47 67 72 64 59 53 49 49 51 50 48 48 56 67 72 94 153 209 170 134 148 168 198 198 186 190 188 200 224 223 200 185 164 139 125 117 112 109 97 93 122 137 122 107 93 109 142 125 160 171 169 139 97 73 63 62 75 102 118 125 146 164 169 144 86 45 30 31 33 34 26 19 26 32 25 18 18 25 27 25 27 26 27 25 30 36 34 34 39 39 38 41 41 41 41 41
50 59 58 55 55 52 54 55 56 55 51 50 56 70 79 103 176 252 233 197 194 184 167 157 169 199 198 213 239 237 212 194 167 145 137 119 108 106 96 88 102 115 113 102 88 137 191 191 177 159 142 113 83 63 58 65 85 113 128 139 176 214 205 161 101 43 32 32 34 34 28 21 25 32 26 22 18 22 25 26 27 28 28 26 28 33 37 35 36 37 39 42 45 44 43 43
54 48 44 46 50 53 59 62 61 61 55 53 57 73 86 112 200 296 297 257 209 162 138 138 167 172 173 185 215 239 228 201 181 151 126 113 108 105 101 97 102 110 106 109 109 135 168 168 156 136 119 98 81 63 65 75 93 126 146 178 229 238 209 161 102 53 34 32 32 32 29 24 23 27 31 25 19 20 24 26 28 29 29 27 26 30 39 37 33 36 40 43 47 47 44 43
