Intro_to_mapping/alt1_test.asc
NCOLS 674 
NROWS 880 
XLLCORNER 30000 
YLLCORNER 20000 
CELLSIZE 500 
NODATA_value -9999 
[rows 598 to 643 of 880, columns 480 to 575 of 674]
47 64 86 91 92 102 113 110 106 106 111 109 106 97 98 94 91 89 92 99 102 102 101 97 98 128 164 157 139 138 143 145 149 137 108 75 66 58 49 43 43 47 43 63 107 133 129 122 104 88 101 121 124 107 145 179 164 133 95 92 86 77 75 74 87 99 92 92 106 123 164 207 210 181 181 136 97 86 86 86 98 106 98 88 74 89 110 108 91 66 52 48 49 49 51 57
44 54 77 77 97 110 116 112 107 112 123 128 109 92 95 94 92 91 95 99 98 99 98 96 104 178 208 184 172 181 170 160 140 122 96 74 59 52 47 44 76 93 89 100 132 137 121 119 113 120 155 177 185 183 181 166 146 124 99 110 120 108 99 94 93 102 103 113 129 153 178 176 166 167 162 139 114 85 70 69 79 90 90 85 74 90 125 116 77 55 46 41 49 51 48 53
44 53 59 80 97 99 103 100 101 102 104 105 96 96 102 97 94 96 104 107 102 103 101 103 118 167 241 212 202 214 214 186 153 124 96 73 52 47 45 41 91 140 134 137 157 141 113 116 122 152 208 234 246 260 218 154 154 114 103 129 154 140 123 114 105 102 111 133 152 183 177 138 119 127 127 128 105 85 79 80 77 70 76 81 87 100 115 104 73 53 43 38 44 47 47 51
44 52 55 83 96 89 91 88 94 92 85 83 84 99 109 100 103 111 121 128 130 127 123 131 164 252 302 256 230 235 227 194 166 132 132 135 92 55 39 44 68 104 92 109 121 115 110 134 166 189 206 206 205 208 172 142 134 113 114 144 166 152 128 123 124 130 167 181 184 186 161 130 116 122 111 100 96 86 84 91 76 60 62 77 100 110 106 93 70 51 41 41 39 44 46 50
50 65 72 91 104 96 91 87 91 93 85 84 82 90 100 101 106 121 128 142 153 146 142 152 196 311 363 300 259 257 233 202 180 139 168 198 132 63 63 47 46 32 50 81 85 90 105 143 210 226 204 179 163 155 126 105 113 113 125 160 179 165 133 172 197 212 231 196 170 149 126 121 104 103 100 92 92 84 77 76 76 73 93 97 111 115 92 77 62 47 41 37 37 44 48 50
57 78 90 100 111 103 93 90 87 87 82 80 78 83 93 100 121 133 129 141 151 145 142 158 204 317 386 355 304 334 291 274 261 233 225 200 138 109 81 57 50 37 50 70 80 103 121 147 174 166 154 138 130 134 118 103 103 102 121 163 200 196 180 203 251 266 239 162 124 109 113 113 91 84 89 89 88 82 70 62 77 101 109 117 122 118 88 61 54 43 36 33 35 45 49 49
65 87 99 103 112 111 103 97 88 79 77 75 76 86 94 98 131 145 130 140 149 145 143 158 213 323 409 411 395 373 348 346 342 328 281 202 143 127 100 67 53 40 50 59 75 117 137 151 139 106 104 98 97 113 110 101 91 95 122 179 201 188 221 258 265 256 211 150 119 104 103 104 92 86 88 80 73 73 76 84 88 96 108 119 124 112 82 60 48 41 37 40 48 52 48 45
71 91 99 98 111 120 102 91 83 76 75 75 77 84 94 100 129 149 143 145 163 178 178 172 205 301 371 345 319 320 307 315 338 325 292 224 145 113 97 74 59 42 41 54 73 100 111 116 106 89 89 81 85 104 108 103 98 98 128 192 182 148 215 271 271 247 183 138 115 99 94 95 94 88 88 71 59 64 82 107 100 92 107 121 126 106 77 59 42 39 38 47 62 59 40 34
69 85 90 91 110 121 96 83 79 73 74 74 77 83 94 103 128 153 155 156 171 212 214 187 196 280 333 279 244 268 266 284 334 323 303 247 147 100 95 81 64 43 33 49 72 84 85 81 70 73 70 60 74 102 111 107 89 91 130 170 152 136 186 223 246 241 176 127 106 97 89 87 89 86 87 72 69 75 86 95 100 105 106 101 97 82 62 59 62 57 49 45 41 39 34 27
72 84 90 91 103 107 89 79 75 71 72 73 78 84 95 107 138 169 192 212 237 265 233 201 231 305 343 297 261 257 230 224 257 263 248 212 148 113 102 78 63 55 40 37 52 70 60 72 65 72 67 56 75 108 122 108 81 85 133 147 122 124 158 183 222 235 169 116 97 94 85 79 84 85 86 72 79 99 91 83 101 119 105 81 67 58 48 59 68 63 43 38 29 30 32 32
75 86 86 90 95 94 83 76 72 71 72 73 77 85 97 111 148 185 230 269 303 318 253 216 266 331 354 316 278 246 194 165 180 204 193 177 150 126 109 76 63 72 58 38 34 33 38 47 57 60 61 67 90 104 101 91 73 79 116 128 107 111 145 167 203 207 147 114 98 85 78 74 76 76 75 63 65 75 82 88 102 102 88 67 56 49 42 50 53 40 35 32 39 40 39 36
76 81 84 98 100 86 75 72 70 72 74 76 80 93 108 117 148 199 287 351 354 362 343 338 380 396 356 297 270 243 198 167 162 172 165 149 137 106 92 82 88 90 68 51 35 24 28 44 55 49 56 78 105 101 80 74 66 73 100 110 92 98 133 152 184 179 126 113 98 76 71 69 69 67 65 53 52 63 74 93 103 93 63 47 38 32 30 32 32 30 30 33 38 36 34 33
78 79 82 106 106 79 68 65 68 74 77 78 82 102 119 123 149 214 345 433 406 406 433 459 494 462 359 279 262 240 203 170 145 159 171 152 131 116 99 103 114 113 95 72 50 39 33 37 48 56 66 80 97 87 64 62 68 84 98 98 86 94 127 145 168 157 111 97 85 74 69 68 66 68 61 53 59 63 69 72 74 71 61 40 30 24 23 23 22 21 25 33 37 33 29 30
88 89 89 94 90 74 70 75 83 87 83 88 97 123 163 164 181 269 348 372 345 334 368 466 555 509 382 296 310 289 274 241 203 193 205 182 150 137 123 118 114 124 123 94 65 55 38 30 41 64 85 83 89 73 48 51 71 95 96 87 80 90 122 122 153 136 97 82 72 71 68 65 63 68 57 53 58 50 52 44 39 43 45 39 32 26 24 23 22 22 25 34 40 37 33 34
98 100 96 83 74 69 71 80 98 101 89 98 113 145 208 206 213 324 351 351 285 262 303 472 643 608 478 477 461 449 456 436 372 298 248 203 176 158 134 122 121 123 109 82 63 58 49 35 31 46 54 63 72 66 53 56 74 93 88 76 72 87 102 118 133 116 95 86 74 65 61 56 54 59 51 48 54 43 43 38 33 36 39 38 33 28 25 23 23 23 25 35 42 41 41 35
82 80 82 79 74 67 66 83 99 95 85 94 112 152 192 188 193 249 289 262 227 242 321 489 633 660 623 623 587 560 568 560 484 375 291 225 203 180 145 126 128 123 96 71 61 61 60 41 21 27 38 44 54 60 60 61 77 91 81 64 64 84 98 114 114 96 94 90 76 59 49 43 42 42 41 46 53 45 43 40 38 40 39 35 32 29 27 24 23 24 28 35 41 40 40 37
66 60 68 75 75 65 62 86 101 90 90 91 111 160 177 171 152 144 152 147 168 240 355 491 604 633 552 523 488 464 492 525 473 361 273 205 179 162 143 129 114 103 83 67 60 57 52 38 24 24 33 42 51 57 55 53 67 81 72 60 69 91 101 104 97 88 89 85 73 59 45 38 39 36 32 49 57 47 44 42 42 43 38 32 30 31 29 25 24 25 31 39 41 39 39 35
64 64 69 74 71 61 58 78 84 76 80 84 92 119 129 132 132 114 118 122 166 258 371 476 561 607 517 424 389 368 417 490 463 347 256 185 156 144 142 131 101 82 70 63 59 55 45 35 28 22 29 40 47 53 50 45 57 72 63 55 73 98 104 86 81 79 79 68 52 43 39 37 46 49 49 56 58 55 49 43 44 46 45 44 38 46 48 34 32 30 31 36 39 41 42 37
62 68 70 72 67 58 56 61 59 54 62 64 64 71 89 100 101 108 109 115 164 245 336 436 528 551 455 380 350 321 341 392 389 317 238 182 156 134 125 119 104 87 70 69 75 83 83 72 58 39 31 36 44 48 46 43 53 65 61 62 79 90 89 86 81 78 75 57 34 29 28 37 53 63 66 63 61 63 55 45 46 49 52 55 47 62 66 43 40 35 30 33 37 43 46 43
57 56 67 74 73 61 53 53 51 55 52 51 55 64 96 106 97 102 101 108 162 233 301 396 495 496 392 337 312 274 265 294 315 288 220 177 156 124 109 108 107 93 70 75 92 112 121 110 89 57 34 31 40 43 41 42 44 51 56 61 73 76 66 69 74 64 52 49 40 43 45 52 64 74 78 68 67 67 66 65 79 85 85 90 78 74 62 43 41 39 38 38 43 48 47 43
52 50 52 58 71 58 45 55 63 64 61 58 62 85 124 121 100 104 107 115 161 247 339 414 456 446 395 365 330 296 260 250 259 237 192 167 150 122 106 100 97 85 79 98 114 133 138 107 76 51 35 28 34 41 39 38 40 41 49 55 60 63 62 61 67 50 30 42 52 57 63 67 76 86 85 73 70 71 77 86 112 121 117 126 109 86 59 43 43 44 43 43 50 52 48 44
58 50 40 50 63 53 38 57 76 74 69 65 69 107 153 136 103 106 114 123 161 261 376 431 417 396 401 379 347 319 255 206 202 186 164 157 143 121 103 92 87 77 89 122 136 154 155 105 69 64 59 36 23 23 32 40 43 45 53 58 60 62 63 59 52 38 29 46 54 53 54 57 67 77 81 81 107 127 119 115 121 119 109 100 86 71 61 60 54 47 43 42 48 53 49 45
59 53 44 49 53 51 49 59 72 69 67 74 79 108 136 132 106 102 104 126 161 235 342 411 386 348 355 348 334 299 229 184 182 179 166 163 144 116 100 100 108 115 141 160 162 160 135 95 79 82 81 48 14 14 29 42 47 52 57 61 60 61 63 56 37 26 29 50 55 45 45 48 58 69 78 90 145 184 160 160 130 117 101 75 63 57 64 76 67 53 44 41 42 47 45 42
60 56 52 49 43 50 61 64 64 64 65 83 86 91 120 128 110 95 99 129 161 210 308 390 355 301 310 317 321 280 204 161 161 166 168 170 144 111 98 109 128 146 172 185 159 151 121 88 75 71 67 41 17 15 27 41 49 50 51 55 51 47 46 42 32 31 35 48 50 44 44 46 53 62 74 93 129 151 148 147 126 117 106 84 73 70 79 90 83 57 44 41 37 43 45 38
86 73 65 56 46 39 47 55 58 61 64 76 78 82 104 118 127 133 135 163 173 183 242 290 275 253 258 288 313 267 192 150 146 150 170 181 163 128 104 106 119 137 152 157 144 138 126 89 68 60 52 35 20 17 26 40 48 49 45 49 42 33 30 28 27 36 46 46 45 44 44 45 49 55 71 97 113 118 120 120 118 117 120 104 82 77 81 85 71 50 41 40 38 46 42 34
113 91 72 63 46 30 33 50 56 56 62 68 69 73 88 108 145 171 172 196 185 156 177 189 196 206 207 258 306 255 179 140 122 133 162 163 165 140 114 99 101 123 131 124 121 127 119 87 67 57 45 30 21 17 25 43 48 44 43 42 37 26 25 34 42 49 51 44 43 43 43 44 58 70 74 85 98 105 108 108 119 128 135 116 82 70 68 68 56 43 39 39 37 43 39 27
100 84 67 61 48 36 37 44 41 44 56 61 60 64 83 104 135 161 164 189 195 207 223 216 222 218 212 229 253 224 167 131 114 124 142 149 148 135 116 95 87 109 110 91 99 117 112 85 67 54 39 26 22 18 25 46 49 40 42 37 28 23 21 40 58 63 54 41 42 43 42 43 66 85 77 75 82 93 97 104 117 124 122 109 87 70 65 63 56 43 39 38 40 47 39 27
88 78 62 54 51 42 41 39 29 33 49 55 51 54 77 100 126 152 156 182 206 258 269 242 258 227 194 179 169 161 139 114 105 123 136 136 135 132 122 101 86 99 101 88 94 114 103 78 64 53 41 32 28 23 24 43 52 44 37 31 26 31 37 46 57 59 50 39 42 46 49 60 76 86 84 80 82 93 93 105 115 111 101 103 92 70 62 59 51 45 40 36 43 52 40 28
97 80 71 65 56 38 28 30 28 48 76 66 48 62 85 96 110 125 132 168 243 325 337 316 304 223 223 158 138 128 124 107 104 122 130 124 123 130 127 108 85 88 93 86 96 108 94 72 61 53 44 37 37 27 21 40 56 45 33 26 25 39 53 53 57 56 46 38 55 64 64 82 92 94 93 83 78 81 92 107 119 111 94 91 82 62 51 51 47 42 37 37 43 44 31 22
102 82 79 76 61 35 16 21 27 62 104 77 45 69 94 94 99 104 120 168 315 468 474 412 333 285 240 173 136 117 112 100 99 118 128 124 117 111 114 102 92 86 79 72 83 100 98 83 72 63 54 50 48 39 25 24 38 35 29 32 35 46 58 54 46 44 46 52 64 80 80 88 99 101 97 84 75 76 91 110 122 112 88 80 72 54 41 43 44 39 35 37 44 37 22 22
94 78 79 76 60 44 43 52 55 73 91 75 57 75 95 96 103 103 132 183 350 543 543 435 337 294 258 189 135 105 99 94 94 115 127 125 111 93 88 96 99 83 66 66 70 92 102 94 83 73 63 60 59 52 27 9 20 26 25 37 46 49 51 42 33 35 58 77 84 81 74 85 97 96 89 78 71 72 88 103 109 102 81 71 63 53 47 47 45 38 35 37 41 36 28 25
87 75 79 77 58 49 57 67 70 79 84 77 70 77 91 95 95 106 149 236 411 570 556 442 332 286 247 177 130 107 101 95 89 105 117 116 108 95 87 101 108 91 83 70 65 82 93 90 81 74 62 53 51 44 31 19 19 24 30 39 42 42 37 29 30 40 70 96 96 82 71 82 95 92 81 73 68 69 86 96 97 93 73 62 55 52 52 51 45 37 34 36 38 34 29 29
73 62 61 58 51 45 44 52 58 74 91 81 70 74 84 92 94 109 167 290 472 597 570 449 327 278 237 165 126 110 104 96 85 95 107 107 105 98 86 105 118 98 93 74 60 73 84 86 79 75 61 46 44 37 36 29 17 18 25 34 28 32 30 31 39 52 78 92 88 82 75 75 78 77 72 68 66 68 77 84 86 85 74 68 60 53 53 50 43 37 35 38 41 34 27 26
49 32 38 46 52 57 65 66 73 71 84 82 76 85 95 106 120 149 225 338 448 502 489 409 305 259 227 172 147 139 123 101 86 90 85 89 90 88 78 83 93 91 95 80 62 62 73 78 72 65 55 49 54 56 55 34 22 8 13 19 22 24 24 33 48 64 86 90 81 81 78 68 61 61 63 64 64 64 69 72 75 78 76 74 66 56 56 50 40 36 35 38 43 34 29 28
39 14 32 54 61 70 86 94 80 68 76 83 79 96 107 121 146 189 284 387 424 407 409 370 283 240 217 179 169 168 142 107 88 82 75 71 75 78 69 61 68 85 98 86 64 52 62 71 65 53 49 52 56 58 50 42 32 24 14 12 23 32 32 41 50 72 85 89 90 92 78 63 59 61 71 84 90 90 90 89 84 83 82 75 62 54 51 47 40 37 35 37 41 40 38 34
82 41 29 48 57 70 78 81 73 69 75 81 86 99 107 151 198 258 344 369 359 366 383 339 278 236 199 166 157 157 143 125 113 110 95 86 97 101 91 72 62 73 85 81 67 53 52 61 66 52 47 52 49 40 46 49 42 32 16 6 23 39 41 49 54 72 83 89 100 97 78 59 57 61 78 105 118 116 112 105 94 89 88 77 59 52 49 44 41 40 42 41 41 42 39 35
125 68 26 42 54 69 70 68 66 70 75 80 94 101 107 181 250 328 405 352 294 326 358 309 267 234 182 153 146 145 145 144 139 138 115 101 119 125 113 80 60 55 57 64 63 53 46 47 55 48 39 45 43 42 45 47 40 24 12 10 22 36 37 46 62 77 80 84 82 83 69 59 70 81 88 97 99 102 108 106 98 90 80 69 56 50 49 46 42 43 49 48 43 42 41 37
172 100 53 54 56 66 67 64 67 80 86 83 85 92 106 168 223 309 404 353 275 278 301 264 227 205 166 140 132 133 139 142 136 134 118 115 134 120 95 83 64 50 50 51 56 54 51 38 44 45 31 31 37 44 43 45 39 17 9 14 22 30 33 44 69 83 76 74 73 69 61 60 84 102 98 89 81 88 104 108 103 80 63 56 52 49 52 51 46 45 48 47 47 49 44 37
219 132 80 65 58 65 66 61 69 91 97 86 75 82 105 155 197 291 403 354 257 231 244 219 188 176 150 127 119 121 134 133 135 143 131 121 123 108 87 79 69 62 54 51 54 50 45 37 39 40 31 28 35 41 32 30 27 19 18 25 26 34 38 50 70 79 69 64 63 60 61 62 75 91 99 115 127 122 117 108 95 80 54 51 51 49 53 57 51 48 48 47 52 57 46 36
274 170 94 51 49 70 70 64 67 81 87 80 72 79 109 151 200 327 412 340 260 218 204 196 182 176 146 129 117 111 117 124 138 155 141 113 98 100 97 86 75 68 58 51 52 46 40 37 33 30 31 28 34 39 21 15 14 20 36 31 30 36 44 56 71 76 62 54 52 52 61 65 66 81 109 136 143 135 111 95 80 66 56 52 53 52 54 58 54 48 52 51 47 50 42 29
329 207 108 37 39 75 74 67 65 71 77 74 70 75 112 143 202 364 422 326 263 206 165 158 153 153 141 122 113 105 101 106 127 119 121 106 94 92 88 80 73 69 64 57 51 39 38 43 32 30 30 27 31 35 23 25 31 34 40 39 41 37 42 58 69 66 54 51 54 59 64 74 82 86 101 127 128 114 93 82 72 64 56 53 55 56 58 60 58 49 54 54 43 43 38 26
340 217 111 38 38 74 74 67 62 64 71 75 80 93 160 213 285 406 406 313 247 192 153 142 131 137 131 113 107 109 102 99 105 101 101 100 90 83 79 75 71 70 71 63 49 33 37 46 34 30 30 26 29 31 25 34 49 49 45 48 53 38 40 61 67 56 45 48 59 73 81 85 92 101 114 122 116 98 86 80 76 72 64 59 59 58 58 59 57 50 50 46 38 38 36 28
350 226 115 40 38 77 74 74 62 58 59 76 91 112 264 328 374 424 364 274 217 168 136 119 117 123 123 113 104 103 97 91 88 95 105 101 88 77 75 76 81 81 74 62 58 49 46 48 34 27 27 21 23 26 27 40 52 53 50 50 51 49 50 56 55 50 43 47 57 80 95 88 86 111 123 118 105 83 79 79 79 81 72 64 63 60 57 58 57 52 46 38 33 33 34 34
326 238 123 50 45 72 78 74 64 62 84 106 132 170 256 374 381 400 337 249 203 157 130 109 109 110 115 113 103 92 93 83 71 90 108 103 86 71 68 78 90 92 78 62 68 65 56 51 34 23 23 16 18 22 30 46 55 58 56 52 50 61 62 58 51 53 53 63 73 79 84 84 90 111 121 116 110 95 89 84 76 72 68 63 62 63 62 62 60 56 48 42 37 31 26 34
302 250 132 38 30 56 69 70 69 72 100 143 180 227 300 343 354 383 351 266 201 157 129 117 113 108 108 107 103 96 89 78 73 80 93 98 87 73 67 75 87 90 82 64 60 56 51 49 43 41 40 32 28 21 24 46 54 54 53 51 51 56 64 64 58 60 68 79 85 78 73 80 94 112 120 114 115 108 100 89 72 62 60 60 62 67 67 64 64 56 50 46 41 30 19 0
276 220 134 52 11 44 63 67 72 78 103 150 187 226 284 313 328 366 366 284 200 157 128 119 118 107 96 101 103 98 84 74 76 71 79 94 88 75 67 72 80 89 87 67 53 47 47 47 52 59 58 47 39 21 13 35 52 53 55 55 59 64 69 67 60 61 67 73 74 63 56 61 70 82 98 80 96 96 91 81 68 62 54 54 57 63 65 63 59 49 43 45 46 37 19 0
