Intro_to_mapping/alt1_test.asc
NCOLS 674 
NROWS 880 
XLLCORNER 30000 
YLLCORNER 20000 
CELLSIZE 500 
NODATA_value -9999 
[rows 46 to 91 of 880, columns 288 to 383 of 674]
-9999 -9999 -9999 -9999 -9999 -9999 -9999 -9999 -9999 -9999 -9999 -9999 -9999 -9999 -9999 -9999 -9999 -9999 -9999 -9999 -9999 -9999 -9999 -9999 -9999 -9999 -9999 -9999 0 0 0 0 -9999 -9999 -9999 -9999 -9999 -9999 -9999 -9999 -9999 -9999 -9999 -9999 -1 0 1 3 4 4 4 7 10 13 17 18 15 36 71 49 35 39 35 21 4 5 0 0 0 0 -9999 -9999 0 6 10 11 10 14 21 23 17 17 27 23 15 10 10 10 0 0 0 0 2 20 43 57
-9999 -9999 -9999 -9999 -9999 -9999 -9999 -9999 -9999 -9999 -9999 -9999 -9999 -9999 -9999 -9999 -9999 -9999 -9999 -9999 -9999 -9999 -9999 -9999 -9999 -9999 -9999 -9999 0 0 0 0 -9999 -9999 -9999 -9999 -9999 -9999 -9999 -9999 -9999 -9999 -9999 -9999 -1 0 1 3 4 4 3 8 15 17 18 25 25 52 105 90 56 43 17 3 4 5 0 0 0 0 -9999 -9999 0 6 10 15 18 23 34 31 18 22 45 42 22 10 1 1 0 0 0 0 1 18 48 65
-9999 -9999 -9999 -9999 -9999 -9999 -9999 -9999 -9999 -9999 -9999 -9999 -9999 -9999 -9999 -9999 -9999 -9999 -9999 -9999 -9999 -9999 -9999 -9999 -9999 -9999 -9999 -9999 0 0 0 0 1 2 0 0 0 0 0 0 3 2 2 22 35 30 35 38 32 25 26 25 35 42 43 54 74 98 105 81 60 42 20 9 3 2 3 23 40 0 0 0 4 5 9 14 21 29 41 57 57 59 69 55 33 15 6 3 6 6 -9999 -9999 1 18 42 58
-9999 -9999 -9999 -9999 -9999 -9999 -9999 -9999 -9999 -9999 -9999 -9999 -9999 -9999 -9999 -9999 -9999 -9999 -9999 -9999 -9999 -9999 -9999 -9999 -9999 -9999 -9999 -9999 0 0 0 0 1 2 3 3 0 0 0 0 3 2 2 22 53 60 69 73 60 46 38 43 55 67 68 83 123 143 105 72 64 41 24 13 3 0 3 23 40 0 0 0 4 4 8 13 25 36 48 82 96 96 92 69 44 21 6 3 6 6 -9999 -9999 0 0 31 51
-9999 -9999 -9999 -9999 -9999 -9999 -9999 -9999 -9999 -9999 -9999 -9999 -9999 -9999 9 22 13 0 0 0 1 1 -9999 -9999 -9999 -9999 -9999 -9999 -9999 -9999 -9999 -9999 2 2 3 1 1 3 16 25 9 2 2 23 49 57 58 64 60 51 53 64 70 79 90 106 130 130 95 65 48 25 14 7 10 25 31 26 25 0 5 5 4 4 8 13 30 50 70 105 117 112 97 73 51 30 30 24 13 19 32 0 0 0 32 61
-9999 -9999 -9999 -9999 -9999 -9999 -9999 -9999 -9999 -9999 -9999 -9999 -9999 -9999 9 22 13 0 0 0 1 1 -9999 -9999 -9999 -9999 -9999 -9999 -9999 -9999 -9999 -9999 2 2 0 0 1 3 16 25 12 2 3 13 45 55 48 56 61 62 67 86 85 91 112 128 137 117 85 58 32 10 4 2 17 49 58 30 11 0 5 5 4 4 7 13 35 64 93 127 138 129 103 78 58 39 53 44 20 26 32 0 0 0 34 71
-9999 -9999 -9999 -9999 -9999 -9999 -9999 -9999 -9999 -9999 -9999 -9999 -9999 -9999 18 38 36 31 34 33 32 34 21 8 12 6 1 17 30 14 2 3 2 2 0 7 12 18 21 26 15 7 4 14 44 59 56 59 68 72 101 142 125 107 111 112 110 93 67 52 46 35 35 37 31 49 58 30 11 -1 8 12 12 11 9 17 40 80 115 138 152 153 134 109 79 45 50 56 45 37 20 0 -9999 -9999 15 63
-9999 -9999 -9999 -9999 -9999 -9999 -9999 -9999 -9999 -9999 -9999 -9999 -9999 -9999 27 55 59 47 52 67 64 51 21 8 12 6 1 17 30 14 2 0 0 0 0 15 24 33 33 26 19 11 4 15 43 64 64 63 74 77 134 198 166 122 111 97 83 70 49 45 59 61 67 72 61 0 0 0 0 -1 9 20 20 18 15 21 45 97 137 149 165 177 165 140 101 50 47 68 70 48 15 4 -9999 -9999 5 54
-9999 -9999 -9999 -9999 -9999 -9999 -9999 -9999 -9999 -9999 -9999 -9999 0 0 31 76 111 135 133 103 80 65 35 21 25 17 47 66 75 50 26 0 0 -2 1 15 28 34 39 36 30 18 10 21 43 63 68 75 89 108 145 169 154 124 112 102 86 63 46 49 54 43 36 36 21 2 2 8 15 9 15 21 21 22 21 30 56 101 147 165 175 181 186 172 133 96 73 65 60 39 13 4 4 9 14 50
-9999 -9999 -9999 -9999 -9999 -9999 -9999 -9999 -9999 -9999 -9999 -9999 0 1 26 83 135 174 172 125 100 87 58 47 43 32 56 77 84 65 38 0 0 0 12 37 43 37 42 45 41 24 15 27 43 62 73 88 104 140 156 141 142 127 114 107 88 57 43 52 49 25 5 2 8 14 21 15 12 11 18 25 27 33 36 41 63 100 152 192 193 169 169 173 138 116 86 58 50 31 10 0 0 46 60 63
-9999 -9999 -9999 -9999 -9999 -9999 -9999 -9999 -9999 -9999 -9999 -9999 -9999 -9999 17 69 106 125 130 110 103 94 68 61 55 41 42 40 48 42 26 0 0 1 24 58 54 39 42 52 51 35 23 34 52 70 79 97 117 137 147 143 140 118 104 108 100 85 81 61 35 17 11 10 14 27 30 21 10 7 16 29 32 38 48 44 60 94 147 204 203 153 131 141 112 89 74 57 45 33 0 0 0 60 96 79
-9999 -9999 -9999 -9999 -9999 -9999 -9999 -9999 -9999 -9999 -9999 -9999 -9999 -9999 20 56 95 114 114 106 105 93 78 73 64 52 46 52 56 43 26 14 13 8 34 67 63 54 50 58 67 55 46 58 75 91 93 112 130 136 154 168 151 130 124 147 169 181 153 74 32 30 37 30 19 19 25 38 31 30 22 27 30 35 40 53 95 123 144 178 178 148 132 133 125 117 88 62 54 46 0 0 24 73 101 101
-9999 -9999 -9999 -9999 -9999 -9999 -9999 -9999 -9999 -9999 -9999 -9999 0 10 24 43 84 103 98 103 107 93 87 86 72 58 51 64 66 51 27 14 20 15 45 77 71 69 58 59 73 74 74 75 88 105 111 118 129 138 171 190 165 152 154 185 226 247 187 77 44 52 59 45 24 11 20 56 74 54 34 26 28 32 26 62 131 151 142 152 153 144 134 125 138 145 102 67 63 59 0 0 37 87 107 123
-9999 -9999 -9999 -9999 -9999 -9999 -9999 -9999 -9999 -9999 -9999 -9999 8 17 28 46 75 89 83 91 101 96 97 104 97 77 67 74 73 66 44 27 26 23 58 86 77 75 68 68 78 79 80 82 94 111 130 136 164 196 221 226 193 192 211 223 219 192 135 69 57 68 62 43 30 30 40 60 69 53 38 29 26 28 33 76 139 157 150 161 166 171 172 171 184 159 100 70 57 44 0 6 45 98 113 126
-9999 -9999 -9999 -9999 -9999 -9999 -9999 -9999 0 0 0 0 12 24 32 48 67 76 68 79 95 99 107 122 122 97 84 84 80 81 62 40 32 31 72 94 82 81 78 78 84 82 83 90 101 117 140 155 198 254 271 261 222 233 269 262 213 136 84 60 69 85 65 41 37 49 60 65 67 52 42 33 24 25 36 90 148 162 159 171 180 199 210 217 231 174 99 73 51 30 0 13 54 108 119 130
-9999 -9999 -9999 -9999 -9999 -9999 -9999 -9999 0 0 0 3 10 17 28 47 59 66 70 81 95 105 119 134 136 122 109 101 95 90 69 59 53 38 70 93 91 91 89 85 98 112 106 98 107 114 143 199 280 360 410 441 368 268 251 226 171 121 87 73 82 88 68 51 62 69 65 64 61 43 32 29 30 48 69 105 152 164 172 207 233 237 218 225 220 149 83 59 47 26 4 4 43 98 116 138
-9999 -9999 -9999 -9999 -9999 -9999 -9999 -9999 0 0 0 7 7 10 25 45 52 55 72 90 95 107 131 147 150 147 135 118 109 100 77 78 59 37 69 92 99 102 101 92 113 143 129 114 113 111 146 243 363 466 550 622 514 303 234 190 130 106 89 87 96 92 71 62 87 90 67 61 55 35 23 23 33 72 102 120 156 166 186 243 287 275 227 233 209 123 67 46 43 24 4 0 32 88 112 146
-9999 -9999 -9999 -9999 -9999 -9999 -9999 -9999 0 0 0 6 7 13 25 43 50 57 73 87 93 103 124 142 156 164 154 134 120 120 120 108 64 38 70 97 106 109 105 99 119 144 139 146 147 139 148 199 269 329 428 504 399 244 193 167 129 111 100 98 99 95 78 62 75 77 63 53 41 35 35 44 53 91 128 147 172 185 230 277 290 284 246 216 169 105 60 43 41 33 18 22 48 105 146 155
-9999 -9999 0 -1 -1 -1 0 0 -9999 -9999 0 6 7 13 26 42 49 59 74 84 91 100 118 137 163 180 173 151 131 141 163 139 70 39 72 102 113 116 109 107 125 146 150 162 181 167 150 155 176 192 307 387 285 186 153 145 129 117 110 109 102 97 85 63 64 63 59 46 27 36 47 55 73 111 154 174 188 205 274 312 293 293 266 200 130 86 53 40 38 42 48 44 64 122 163 164
-9999 -9999 0 6 6 7 0 0 -9999 -9999 8 5 3 6 18 39 50 60 76 89 106 108 126 141 197 220 218 229 196 171 166 147 93 55 61 89 115 121 117 117 135 161 169 177 190 185 170 169 212 264 308 296 225 176 159 150 129 118 117 130 137 107 74 61 58 50 47 50 54 68 74 103 136 147 160 169 197 264 326 328 285 237 204 160 111 81 59 52 52 44 36 44 69 116 141 155
-9999 -9999 0 13 13 12 11 11 -9999 -9999 8 4 0 0 11 37 51 61 78 95 114 123 135 145 232 259 264 308 261 202 169 156 116 71 50 77 116 126 125 128 146 176 189 193 199 203 189 183 249 337 309 205 166 166 166 156 130 120 124 151 173 117 63 59 53 37 34 54 82 100 102 150 198 183 167 165 206 324 378 345 277 182 143 119 92 75 64 64 65 46 30 43 74 109 120 147
-9999 -9999 0 13 13 12 11 11 -9999 -9999 4 3 0 0 9 27 43 62 81 99 121 132 147 176 247 288 317 345 306 252 197 150 112 81 68 94 127 139 140 142 157 203 224 219 232 245 259 295 314 363 297 205 166 154 144 138 123 119 144 162 144 93 52 40 39 40 74 89 89 145 186 210 224 193 189 207 221 316 324 281 227 163 130 109 86 71 69 74 68 42 33 50 73 101 111 123
-9999 -9999 -9999 -9999 -9999 -9999 -9999 -9999 0 0 1 3 7 17 20 20 35 61 90 117 153 174 189 227 265 321 369 358 345 297 211 145 113 100 99 119 140 154 157 154 179 267 336 350 330 330 308 336 306 305 241 188 157 130 112 115 111 105 131 130 85 52 39 46 49 71 134 176 144 156 205 207 191 169 201 236 234 250 242 209 172 151 123 97 83 76 74 72 57 38 41 51 61 82 89 77
-9999 -9999 -9999 -9999 -9999 -9999 -9999 -9999 0 0 0 7 13 32 32 23 35 60 96 131 178 208 219 247 267 325 368 335 339 293 197 147 118 109 113 126 142 156 159 153 190 305 411 455 461 374 287 265 237 222 197 171 148 120 102 109 105 93 98 88 55 36 36 56 74 100 154 229 191 122 139 145 132 135 191 222 218 226 213 193 179 159 128 95 87 86 75 61 45 37 45 45 50 71 77 56
-9999 -9999 0 0 -9999 -9999 0 2 4 8 10 3 11 29 34 30 36 47 84 129 159 172 192 235 269 299 312 285 288 265 186 141 126 118 114 135 165 182 172 152 183 304 409 431 394 334 258 227 202 192 178 161 159 168 172 162 128 96 88 71 50 39 43 58 76 106 166 223 185 118 110 113 107 113 157 187 188 185 167 154 143 130 115 100 86 73 69 46 33 47 67 59 54 64 60 50
-9999 -9999 0 0 -9999 -9999 0 2 4 8 10 0 9 27 35 37 37 35 72 126 140 136 166 223 271 273 256 235 238 237 176 135 134 127 116 144 188 208 186 152 177 303 408 406 360 294 229 190 168 163 160 152 171 216 243 216 151 99 78 55 39 41 50 61 79 112 178 218 180 115 82 81 82 91 124 151 158 144 122 115 108 102 102 105 85 61 57 38 21 58 90 74 58 52 43 43
-9999 -9999 0 0 0 0 0 0 4 10 8 2 14 30 35 40 40 40 59 88 95 94 122 173 228 242 224 198 193 192 149 124 130 135 131 157 203 221 199 164 177 222 296 305 272 239 204 194 191 182 203 229 233 246 255 226 159 91 60 53 50 54 58 66 83 120 179 204 166 113 90 90 90 88 103 130 124 119 112 107 102 100 104 94 64 44 38 28 22 48 76 67 60 55 50 48
-9999 -9999 0 0 0 0 0 -1 4 13 8 3 20 34 35 40 45 45 47 49 51 52 79 124 185 212 192 162 149 148 122 114 126 143 146 170 218 235 212 165 140 141 185 203 183 184 178 198 215 201 247 305 295 275 268 236 166 83 42 50 61 68 67 72 87 128 181 190 152 112 98 100 98 86 82 88 90 94 102 99 95 99 107 83 43 27 19 18 24 39 48 61 63 59 56 54
-9999 -9999 -9999 -9999 -9999 -9999 0 1 4 13 7 3 13 28 32 37 44 52 55 57 55 57 73 93 127 140 130 121 118 122 110 110 131 152 164 205 260 278 259 221 254 242 235 219 206 213 221 240 272 314 351 351 313 254 222 173 104 62 53 73 78 95 116 111 105 126 154 155 129 105 100 111 124 110 91 85 79 81 90 87 80 77 74 56 32 25 19 19 21 31 35 51 63 52 44 42
-9999 -9999 -9999 -9999 -9999 -9999 0 4 4 0 7 3 7 21 31 34 44 59 64 65 63 63 63 62 69 68 68 79 86 96 98 107 137 161 183 241 302 322 306 277 311 344 286 234 229 243 264 283 330 428 455 397 332 233 176 110 43 40 65 96 96 123 166 151 123 123 127 121 105 99 102 123 149 135 101 83 69 67 79 75 65 55 41 28 22 19 19 19 19 23 29 53 68 45 32 31
20 41 0 6 9 12 9 6 6 0 9 12 20 29 38 38 34 38 53 73 95 94 103 95 99 97 93 80 72 84 85 98 120 141 180 277 383 426 373 333 356 341 290 258 263 303 346 389 427 449 434 385 314 186 108 75 41 54 92 141 172 208 223 177 135 126 121 114 120 141 154 158 160 126 100 86 74 65 66 58 46 38 31 27 35 44 44 32 19 24 28 38 43 27 26 30
20 41 0 6 9 12 9 8 9 0 11 21 33 38 46 42 23 17 43 81 112 126 123 129 128 126 118 81 58 59 73 89 104 122 177 313 465 531 440 390 402 337 295 282 298 363 427 496 524 470 413 372 296 138 41 40 40 68 119 186 248 293 281 203 147 129 116 107 135 182 206 193 168 131 99 91 80 64 53 41 27 22 21 25 49 68 69 45 19 25 27 24 18 10 21 30
18 21 5 3 5 6 5 8 14 15 9 19 28 35 45 44 29 21 46 94 144 170 158 149 149 149 145 129 103 81 69 82 97 98 143 263 400 466 390 344 335 287 273 276 330 418 456 469 490 448 372 331 227 89 41 79 116 132 146 181 232 269 268 209 163 134 106 128 171 182 184 170 147 122 101 99 87 71 55 39 29 24 24 42 70 82 85 68 40 32 26 18 15 19 37 40
11 18 16 10 2 1 0 9 16 15 7 16 24 33 44 46 36 25 50 107 177 215 192 170 169 173 172 177 149 92 66 76 91 75 109 212 335 402 341 297 269 237 251 269 363 473 486 443 456 425 331 291 158 40 42 119 192 196 173 176 215 245 254 215 180 139 96 149 207 182 163 148 127 113 103 103 95 78 58 38 30 29 27 59 91 95 101 92 62 39 25 11 10 29 53 51
10 24 28 11 11 19 20 28 23 7 3 13 22 30 40 42 37 35 78 138 212 266 255 242 235 245 249 232 195 135 84 70 78 71 85 138 208 249 247 246 241 259 291 338 405 451 469 445 416 367 280 197 99 94 148 171 186 180 162 167 203 224 235 199 150 105 105 166 192 164 153 145 125 109 106 107 100 79 52 37 38 59 63 86 97 84 78 66 42 30 26 26 37 45 62 59
10 26 26 18 27 40 42 50 40 16 19 37 37 40 48 47 43 54 96 158 258 323 340 361 345 341 339 294 248 211 166 132 138 143 110 87 86 84 114 151 204 284 334 383 424 438 454 427 363 254 140 111 140 235 305 259 187 156 146 144 130 156 164 134 94 87 127 162 157 139 136 132 117 107 117 110 81 65 47 49 65 86 94 91 74 52 40 32 26 32 46 66 77 85 90 81
11 28 24 21 35 42 44 52 50 28 38 65 54 53 61 57 48 63 88 147 268 329 362 408 389 364 352 302 256 245 231 201 210 219 160 112 91 73 76 107 195 287 336 358 401 447 456 407 351 201 50 120 242 322 356 294 194 148 142 130 107 109 112 85 68 103 138 141 137 131 130 123 112 110 127 109 57 36 48 63 84 99 89 69 46 31 25 24 29 42 65 92 104 108 109 96
10 29 26 18 26 31 35 48 45 27 35 54 51 53 61 51 46 76 112 146 230 281 327 391 394 385 375 314 262 279 299 272 241 234 201 147 156 146 120 127 163 256 328 370 385 393 387 358 302 251 219 196 244 299 298 280 247 220 182 140 105 94 94 78 68 99 128 137 139 120 111 103 88 79 83 85 46 55 76 94 106 103 89 71 45 29 25 36 61 89 116 121 117 121 114 100
9 30 28 15 18 20 26 44 41 25 33 44 49 53 55 47 43 90 136 145 191 233 292 373 399 406 397 326 269 313 367 344 272 249 241 219 222 217 209 147 131 224 321 383 369 339 318 310 254 301 388 273 246 275 241 266 301 293 223 150 103 79 77 71 69 96 118 134 142 110 92 84 65 49 39 36 36 64 104 126 129 107 90 74 43 27 26 48 92 137 168 151 130 135 120 103
7 20 22 18 20 25 29 43 42 38 44 49 54 58 56 43 45 79 117 141 170 241 274 328 379 408 429 398 358 374 393 366 319 279 243 240 278 313 312 282 242 290 361 384 371 326 283 287 294 321 342 251 239 299 304 315 325 308 228 141 100 78 73 69 68 93 107 114 120 98 85 72 53 43 38 38 41 59 78 85 85 80 75 57 36 30 32 62 106 138 173 168 147 135 109 87
6 9 16 22 23 27 36 42 43 52 56 55 59 64 57 39 47 69 98 137 149 190 240 284 359 410 461 470 447 435 418 387 366 310 245 251 334 410 415 418 353 355 402 385 373 313 248 264 335 341 296 230 232 322 367 365 350 324 232 132 98 77 69 67 67 90 97 93 99 87 78 61 41 38 37 40 46 54 52 44 42 53 60 41 29 33 38 77 120 140 177 186 165 135 99 71
9 17 27 35 32 33 41 50 54 61 67 66 65 64 53 38 50 64 87 120 141 186 229 256 314 360 386 377 372 391 394 378 365 326 293 323 373 453 492 477 408 374 405 384 329 281 245 260 314 317 263 232 250 299 329 327 311 279 205 118 84 73 80 101 109 109 98 84 81 71 64 53 40 38 37 54 58 54 60 60 58 58 66 61 54 48 72 102 148 165 175 166 138 108 75 51
13 24 39 48 41 38 46 58 65 70 78 77 72 64 49 36 46 60 76 104 132 182 219 229 268 309 312 284 296 347 369 370 363 305 320 396 412 496 569 535 463 393 409 384 284 249 242 256 293 293 231 234 269 277 291 288 273 235 177 105 70 70 91 135 152 129 98 76 62 55 55 45 39 38 38 69 71 55 68 76 74 64 73 82 79 78 89 128 177 191 173 145 111 82 51 31
26 43 49 50 49 50 53 61 60 60 72 84 83 66 50 40 50 67 81 96 114 150 173 180 224 259 261 280 319 351 359 354 347 333 370 462 482 512 566 506 428 397 365 315 281 276 274 264 251 221 178 175 215 242 245 239 225 178 123 87 76 95 117 148 157 135 113 96 80 73 59 44 40 60 98 120 125 106 101 102 99 88 91 102 112 120 123 142 166 161 140 119 94 73 54 39
39 61 59 53 57 62 61 63 55 50 65 91 95 68 52 44 55 75 87 89 95 118 127 131 181 209 210 277 341 356 348 339 331 361 420 528 552 529 564 477 394 401 321 246 277 303 305 272 209 150 125 116 161 208 199 189 177 122 69 68 83 120 143 162 163 141 128 116 99 86 64 43 44 71 129 172 178 157 135 129 124 112 110 122 146 163 157 156 156 132 107 92 77 65 57 55
21 34 32 34 48 56 53 51 47 50 60 81 87 65 52 48 58 76 92 102 115 123 118 126 159 182 202 257 292 325 343 353 350 388 431 430 429 454 480 386 284 301 337 334 325 335 327 288 234 171 129 111 125 143 135 150 124 96 72 78 88 113 134 145 143 120 115 124 102 76 62 65 134 152 192 221 214 186 163 158 148 135 133 139 156 171 154 135 131 122 108 89 77 54 38 55
